Generation 1
2.25
6.75
6.74
0.352
0.112
1.23
4.72
-1.0
9.64
9.75
10.202
10.361
-3.1
-3.236
11.0
11.24
11.5
12.0
-4.748
12.23
12.64
12.75
13.178
-6.75
-7.763
-8.0
15.75
-10.729
18.132
-12.814
20.234
-13.25
20.75
20.766
20.998
22.72
24.766
-18.747
26.178
27.252
27.51
-21.0
28.618
30.74
31.136
-23.762
32.16
-25.25
-25.491
-25.75
-26.747
34.234
-29.25
Generation 2
0.192
2.218
2.234
2.25
2.254
6.72
2.361
6.224
4.992
4.74
0.928
4.162
-0.289
8.112
8.664
-2.253
9.64
-2.283
9.75
-2.681
10.202
11.5
11.762
13.178
-6.237
13.676
13.75
-6.491
14.646
14.698
14.714
14.752
15.136
-7.76
15.748
15.75
16.126
16.236
-9.783
-9.889
18.254
18.51
19.208
19.242
20.244
-12.901
20.994
22.192
22.196
-15.241
22.75
-16.762
