Generation 1
-2.759
11.16
11.5
11.75
12.0
12.5
13.21
13.25
13.5
-6.841
14.5
14.75
15.75
18.75
-11.5
19.0
-12.0
19.484
-12.25
-12.5
-13.777
-14.25
21.75
-14.5
-15.521
-15.777
-16.0
-17.0
-18.75
-19.25
26.75
-19.5
-20.75
28.4
-21.25
29.25
29.5
30.5
33.96
34.25
-27.5
-28.492
-28.724
36.34
-29.0
-29.75
39.46
-32.479
40.0
-32.75
-33.0
-33.5
Generation 2
6.75
-2.759
11.16
11.252
11.5
11.75
11.998
12.0
12.5
-5.25
13.21
13.25
13.5
-6.841
14.5
14.75
15.75
-8.771
-10.112
18.75
-11.498
-11.5
19.0
-12.0
19.484
-12.25
-12.5
-13.777
-14.25
21.75
-14.5
-14.611
-15.425
-15.521
-15.54
-15.777
-16.0
-16.873
-17.0
25.896
-18.75
-19.25
26.75
-19.5
28.0
-20.75
28.25
28.4
28.506
-21.25
-21.265
