Generation 1
19.5
22.25
18.253
-4.509
12.75
3.84
22.17
37.0
24.25
36.5
-31.503
-10.5
18.0
30.25
-15.747
20.304
49.24
-37.25
34.196
16.0
-9.003
39.234
-21.801
-21.5
35.75
34.44
-17.25
0.51
24.5
-17.5
25.25
17.25
-0.492
-1.25
-49.75
22.5
-16.748
9.25
45.25
-16.5
41.5
-35.792
-49.25
-22.25
-13.2
16.25
-14.75
-28.0
-19.75
23.228
38.706
-21.0
34.75
8.162
Generation 2
-20.861
-58.777
6.24
-11.109
-13.2
-14.75
38.706
18.22
16.25
34.75
9.104
23.228
9.186
35.75
-16.5
-17.5
-9.003
-16.748
-10.5
-36.494
-0.492
-17.25
17.25
40.5
9.248
-21.5
22.16
-15.747
24.25
22.5
34.44
0.494
-36.35
8.162
17.234
9.25
-20.261
19.5
12.75
0.51
-22.25
22.25
30.25
3.84
20.304
-19.75
-4.509
30.25
-2.5
-19.485
39.234
38.23
25.25
-11.294
