Generation 1
-3.757
-26.64
-8.747
-35.25
5.7
28.48
-10.16
-6.325
49.448
-29.75
10.75
-11.0
45.252
27.64
42.75
24.766
4.0
27.509
-42.259
92.25
10.166
46.524
-39.254
33.75
-45.5
-31.774
-10.75
-45.25
24.25
-12.759
-61.814
14.416
26.0
-33.416
31.486
-34.25
-4.766
32.464
-20.492
38.998
76.232
31.68
-9.708
21.5
29.242
28.764
-30.485
2.25
-2.75
-19.235
-12.25
16.128
-11.254
Generation 2
10.196
87.494
26.554
24.766
-10.747
-6.25
-1.75
-2.235
24.25
-5.835
-9.361
30.467
116.101
5.24
24.496
-14.9
42.401
-12.581
6.502
26.234
-36.748
-8.293
-25.389
-24.292
-5.516
5.38
53.48
50.25
-9.75
32.712
66.384
37.19
-24.492
12.75
-46.498
14.75
-17.323
56.766
28.246
10.384
-13.841
92.75
-39.516
7.696
13.5
-28.25
82.762
20.128
-8.29
-11.6
48.49
-12.768
