Generation 1
-31.75
39.25
39.5
-32.25
-34.5
-35.75
-37.0
45.0
46.0
53.325
-48.825
-46.25
-46.25
-37.498
-41.753
-15.766
32.766
-49.66
47.217
-49.536
-41.64
86.254
-80.504
-124.75
118.25
-17.39
-62.861
48.742
-48.492
54.652
40.98
-32.621
-51.289
-49.901
-41.6
116.738
-116.88
47.5
38.5
-45.66
-36.784
-40.748
-45.503
Generation 2
86.254
-80.504
116.738
118.25
-1.76
4.89
-115.12
-115.12
76.378
-73.248
-75.898
128.232
-91.259
84.745
92.496
-89.367
-115.386
-123.899
-123.25
-123.25
116.762
118.226
44.864
-43.247
-123.25
-123.25
44.624
-43.006
116.738
116.738
86.254
118.25
-105.766
100.766
-123.25
-123.25
