Generation 1
6.506
0.756
-1.753
10.75
11.244
11.75
15.75
-8.896
17.5
-10.25
-10.75
-11.0
18.5
18.75
20.5
-14.25
22.75
-15.5
23.5
24.75
-17.5
-17.503
25.5
-18.25
25.75
-19.25
26.75
27.5
27.75
-21.6
-22.5
30.0
-22.75
30.75
31.5
-24.884
-25.25
-25.5
33.25
-26.25
34.0
-26.75
34.252
34.75
-27.766
-28.494
36.0
-28.75
36.25
-29.0
-29.5
-30.25
Generation 2
6.101
6.506
0.756
3.75
-1.753
10.75
11.244
11.75
14.18
15.75
-8.896
17.5
-10.25
-10.75
18.236
-11.0
18.5
18.75
20.5
-13.494
-13.898
-14.25
-14.729
-14.756
22.254
22.75
-15.5
23.5
-16.5
-17.237
24.75
-17.5
-17.503
-17.75
25.5
-18.25
25.75
26.102
-19.25
26.75
-19.389
27.5
27.75
28.75
-21.6
-22.5
30.0
-22.75
30.75
31.5
Generation 3
6.101
6.506
0.756
3.244
3.75
-0.24
8.75
-1.753
10.75
11.244
11.75
-5.253
14.18
14.5
15.75
-8.746
-8.896
-9.772
17.5
-10.25
18.103
-10.75
18.236
18.238
-11.0
18.5
18.75
-12.07
20.5
-13.494
21.2
-13.898
-14.25
-14.523
-14.533
-14.729
-14.756
22.238
22.254
22.748
22.75
-15.5
23.101
23.5
-16.5
24.5
-17.237
24.75
