Generation 1
-4.75
-43.25
36.252
-29.762
-32.25
-40.765
63.0
-34.25
-36.25
-27.841
34.196
46.75
34.75
-23.899
-14.753
43.506
36.102
-63.76
-23.5
6.706
-7.76
-4.799
-33.0
27.352
-42.696
59.101
-34.75
-26.25
21.64
-49.0
-30.898
-19.75
33.254
28.238
43.25
6.68
-27.747
11.48
48.44
21.66
-21.0
-40.25
17.614
33.746
3.148
-82.25
-35.765
-29.25
-12.491
-30.25
24.642
22.136
-22.42
12.746
Generation 2
-6.35
6.186
-27.25
12.742
1.763
44.947
111.361
-32.774
-6.504
-22.742
16.573
95.25
56.75
33.748
-13.581
-3.254
39.722
-2.253
2.682
11.416
26.488
27.8
-57.75
-20.712
-9.76
-9.241
-30.748
54.747
-25.747
46.235
-21.868
-50.29
58.197
-40.262
20.408
-19.506
-41.56
35.614
-15.064
-3.051
22.761
42.235
22.48
-36.669
-81.235
-35.236
65.22
-20.238
60.416
-34.75
-20.361
-6.9
3.212
Generation 3
3.251
-17.521
48.188
-19.762
-0.748
-23.387
-9.752
-20.768
-3.746
41.945
28.228
-12.896
0.75
51.92
-10.758
3.232
99.616
-20.378
18.213
14.418
20.775
26.235
28.801
-18.9
-16.765
1.102
68.49
-4.769
-4.712
27.9
49.908
14.19
96.196
62.745
-18.565
-21.26
-33.283
-1.652
-5.766
25.612
-95.051
-16.272
3.682
4.244
101.505
-29.253
-3.26
20.361
-2.878
7.426
108.771
-17.496
