Generation 1
40.5
-33.5
43.75
44.0
-37.5
45.25
45.5
46.25
-39.0
-40.0
93.26
-87.76
-33.75
39.25
-32.831
-57.2
-40.0
44.0
-38.262
-39.88
-42.766
-47.235
-47.784
-46.66
-36.744
-42.756
-49.868
-44.633
-87.897
88.229
-38.25
34.25
-48.0
-46.75
-45.5
-45.5
-100.498
100.248
-44.5
-36.5
-61.825
-32.676
-34.316
-57.34
Generation 2
-61.825
88.229
93.26
-87.76
120.449
-118.324
9.417
-7.291
-99.503
-99.503
-103.583
-82.022
24.244
-35.517
-99.503
-99.503
-71.899
-114.616
-27.241
41.248
100.248
100.248
9.669
-2.648
41.597
-34.576
36.76
-22.753
-38.695
71.78
108.24
85.484
Generation 3
-87.76
100.248
-99.503
108.24
-103.583
-49.04
44.76
-119.42
-100.674
-113.16
-117.9
64.12
-81.548
-70.549
88.581
-23.535
57.744
Generation 4
100.248
-99.503
-100.674
108.24
-103.583
-116.84
-112.1
-119.328
-98.578
-102.13
-118.867
100.248
108.24
-116.356
-112.584
Generation 5
-112.1
-112.584
-116.356
-116.84
-114.648
-119.668
-109.642
-119.391
-123.416
-103.16
Generation 6
-116.356
-116.84
-119.391
-118.06
-122.856
-115.156
-115.648
Generation 7
-118.06
-119.391
Generation 8
-119.391
Generation 9
-119.391
Generation 10
-119.391
Generation 11
-119.391
Generation 12
-119.391
Generation 13
-119.391
Generation 14
-119.391
Generation 15
-119.391
Generation 16
-119.391
Generation 17
-119.391
Generation 18
-119.391
Generation 19
-119.391
Generation 20
-119.391
Generation 21
-119.391
Generation 22
-119.391
Generation 23
-119.391
Generation 24
-119.391
