Generation 1
-30.835
-39.766
17.24
-12.378
-15.75
36.5
32.75
3.748
-11.238
34.5
30.25
26.742
-34.75
-0.868
-25.0
-15.873
24.25
-19.75
14.234
-9.766
4.618
-42.5
-31.75
30.5
18.234
29.5
18.144
12.25
20.0
27.75
-21.235
-3.835
-12.75
-30.762
-18.0
-21.238
15.5
-18.75
26.5
26.75
-37.235
32.5
5.56
-15.0
25.0
-37.0
10.25
-27.25
21.25
19.75
-26.0
-46.75
-12.25
34.75
Generation 2
-9.494
34.75
-11.765
24.25
-14.419
17.32
12.254
-15.75
-10.165
17.24
-9.753
4.618
30.25
-21.235
-12.75
-15.0
-11.238
27.75
-2.235
21.242
26.742
-30.835
91.172
15.5
5.5
26.75
10.25
24.25
-37.0
-25.0
5.56
2.748
-21.122
17.248
-3.835
-18.75
-15.873
-0.868
36.5
26.5
-9.766
36.5
20.0
8.548
14.234
-12.25
21.25
12.25
-10.362
3.748
34.746
-17.0
2.106
-0.765
Generation 3
2.748
10.25
10.742
-11.238
8.229
-46.768
-0.868
21.25
26.75
-1.831
30.25
28.498
-3.835
-12.75
17.24
3.748
-12.506
-0.868
21.242
8.548
27.75
-10.165
-9.038
17.248
-17.0
-14.419
0.32
-15.75
-10.25
5.56
-14.008
-9.494
26.742
1.738
24.25
-11.765
5.5
34.98
8.508
-89.259
-16.494
34.746
1.252
-8.248
-73.238
2.106
-0.765
-32.741
11.116
2.762
0.549
-9.753
12.25
4.618
Generation 4
1.562
8.508
21.248
4.764
-0.765
-9.038
1.834
3.747
-3.835
-88.837
0.628
10.742
18.849
1.738
5.56
20.37
7.468
5.5
8.229
0.549
32.102
-1.831
10.25
-29.324
8.46
12.25
-12.506
26.484
-11.494
0.229
-15.235
-8.248
-10.25
2.106
2.748
1.252
-11.238
2.762
17.24
4.618
26.75
3.748
34.746
-7.753
-10.748
5.246
17.248
-16.494
8.548
17.242
-17.0
24.752
-0.868
0.32
Generation 5
-2.361
8.229
22.356
8.548
2.248
2.748
4.764
-46.296
10.742
17.248
4.498
-112.188
2.248
5.246
-17.0
1.688
1.562
24.752
1.738
10.458
0.32
2.865
1.749
-7.753
5.56
-3.835
1.738
81.498
3.747
2.106
0.229
17.74
7.244
-11.494
2.762
6.634
-8.248
26.484
-16.23
0.549
10.25
1.75
8.736
1.834
5.5
7.468
21.248
40.629
4.618
33.492
8.767
3.748
16.853
-43.238
Generation 6
2.25
0.229
7.244
5.56
5.246
1.245
5.561
1.492
-8.248
6.458
33.492
0.736
0.549
2.965
4.764
1.749
8.229
1.688
1.75
4.498
2.24
8.736
5.496
2.248
1.748
10.25
-47.572
8.548
1.738
2.106
1.684
2.748
12.756
17.764
6.354
0.229
17.224
1.738
-2.361
53.492
1.738
7.368
4.618
2.248
0.32
-16.23
2.748
1.562
2.762
8.767
21.248
3.754
8.676
9.738
Generation 7
1.252
2.101
5.561
1.738
12.51
21.248
6.458
1.749
2.749
17.561
0.229
3.754
1.748
1.684
8.676
6.252
5.624
3.248
0.229
5.104
1.562
5.562
1.676
1.738
1.245
4.498
0.736
2.24
1.106
-43.756
5.496
1.224
2.25
0.736
0.549
2.106
5.246
0.32
1.492
6.218
7.244
5.226
2.248
0.749
2.762
1.738
8.684
2.746
5.56
7.368
0.252
2.248
0.229
0.74
Generation 8
0.32
1.748
2.101
5.562
2.248
0.224
1.224
1.676
1.738
1.252
1.624
6.232
16.745
2.744
5.56
1.738
7.368
2.224
5.626
12.51
5.102
0.107
4.498
0.229
2.106
5.624
0.749
0.234
1.738
0.252
2.25
3.24
6.218
1.684
6.216
1.674
5.238
2.24
6.252
5.496
0.736
5.616
2.252
0.245
1.676
1.492
5.561
0.229
2.25
1.25
0.236
0.229
0.74
4.232
Generation 9
7.352
6.252
5.744
5.748
5.626
0.229
5.56
2.25
0.224
6.109
1.674
0.229
0.229
0.252
2.248
5.766
0.252
5.616
1.624
1.61
5.624
2.106
2.744
1.676
2.24
1.674
2.106
0.247
1.738
5.626
0.234
0.736
2.25
5.561
0.224
2.252
1.624
0.245
2.224
2.748
2.104
0.736
1.738
5.238
0.236
5.496
0.107
1.74
2.498
0.252
5.562
5.368
0.32
3.25
Generation 10
2.106
2.25
2.248
2.252
5.766
5.562
5.626
0.107
2.24
5.744
0.245
5.368
19.544
0.736
0.229
-63.877
5.561
0.32
2.748
1.674
-46.262
0.234
5.624
2.498
5.616
6.184
2.106
111.102
1.624
16.252
-59.889
1.676
2.747
5.56
5.748
67.268
0.229
2.104
0.236
0.252
76.98
1.624
0.252
0.247
7.352
1.74
0.252
54.253
1.738
38.992
5.626
5.501
38.688
0.224
Generation 11
-27.51
6.184
2.106
79.882
5.624
8.281
2.748
5.616
0.224
5.562
0.252
5.626
1.738
43.28
2.106
5.56
94.178
11.95
0.247
0.234
1.674
5.744
5.561
7.352
0.229
70.248
18.212
2.248
5.626
0.252
1.624
5.766
0.107
0.236
1.74
51.756
14.764
2.25
0.32
-76.732
13.72
0.229
1.624
1.676
67.268
85.38
2.252
36.368
6.554
5.748
0.736
2.76
0.245
0.252
Generation 12
51.756
-87.384
2.25
21.709
1.676
5.626
61.756
0.736
5.748
-53.624
0.252
5.562
0.252
6.554
2.106
1.674
13.72
0.245
5.616
5.624
5.56
0.247
2.248
1.738
-62.849
22.765
7.252
5.766
0.234
18.212
0.229
2.106
0.224
5.626
1.74
0.107
0.252
2.252
31.22
81.268
-27.055
12.28
14.21
0.236
53.681
4.69
8.281
23.832
65.92
2.76
0.32
-91.366
-26.473
5.561
Generation 13
1.674
0.245
31.22
0.736
1.248
7.106
0.236
5.626
1.49
2.248
1.756
0.234
16.756
1.69
12.28
0.245
1.738
13.252
0.752
5.616
5.616
6.762
9.464
0.32
0.224
5.748
5.758
6.554
2.25
5.562
1.728
0.252
65.664
4.738
0.252
1.254
5.626
5.561
2.106
2.106
1.116
0.197
51.676
0.107
0.225
0.236
5.766
5.624
5.56
0.562
3.212
0.252
4.69
0.247
Generation 14
3.104
1.234
2.728
5.56
0.234
0.245
4.69
0.236
0.245
5.562
5.758
5.248
0.562
0.234
1.248
1.254
12.28
5.626
0.225
1.738
0.224
0.228
0.252
5.792
0.208
0.247
1.116
1.692
5.624
0.244
4.764
1.754
0.32
2.248
0.252
0.178
0.236
0.245
4.76
6.554
0.252
5.766
1.248
5.626
0.25
5.616
5.561
1.674
2.106
0.692
5.56
6.246
2.106
5.758
Generation 15
2.248
0.252
0.25
4.69
1.106
0.21
1.738
2.106
5.626
0.252
0.252
5.56
0.236
5.616
5.56
5.253
0.248
0.32
0.544
0.234
0.225
5.25
5.561
0.24
0.245
2.116
5.792
0.178
5.562
0.236
1.752
1.248
5.766
0.35
5.181
2.106
1.692
0.252
0.245
0.224
0.208
1.254
5.624
5.624
0.252
0.752
5.248
0.236
5.758
0.244
5.552
0.245
1.758
0.234
Generation 16
5.56
2.12
0.624
0.252
2.116
5.237
5.56
0.252
5.562
0.236
0.236
5.562
0.5
5.181
0.241
2.248
2.322
0.236
5.552
0.252
0.248
0.25
0.252
0.32
0.248
0.245
5.248
0.224
5.766
0.245
5.57
0.252
1.96
5.561
5.792
5.25
0.208
0.24
0.252
0.224
0.234
0.234
0.104
1.752
0.252
0.234
5.626
5.616
0.236
0.25
0.252
5.253
0.208
0.252
Generation 17
0.252
0.245
0.248
0.248
5.561
0.252
0.248
5.253
2.96
0.253
5.562
1.244
0.232
5.57
0.252
0.252
0.234
0.236
0.252
0.25
0.248
1.232
0.252
0.236
0.248
0.252
0.248
5.616
0.236
5.562
0.252
0.241
1.252
0.245
0.224
5.24
0.252
0.242
2.12
5.552
0.236
0.241
5.181
0.234
5.792
0.24
0.252
5.57
0.236
0.232
5.562
0.226
0.25
0.252
Generation 18
5.57
0.25
5.562
0.252
5.562
0.249
0.24
0.25
0.252
0.241
0.234
0.248
0.112
0.248
0.24
0.252
0.25
0.252
0.248
0.252
0.252
5.562
0.248
0.252
0.241
0.252
0.248
1.34
0.252
0.248
0.236
0.232
0.181
0.246
0.253
0.252
0.245
5.57
5.172
0.252
5.561
0.248
0.248
5.624
0.252
0.252
5.57
5.613
0.236
0.242
0.252
0.252
0.252
0.252
Generation 19
0.252
0.248
0.248
0.252
0.252
0.248
0.252
5.57
0.248
0.25
0.252
0.252
0.252
0.252
0.25
0.248
0.253
0.248
0.252
0.252
0.252
5.562
0.252
0.252
0.248
0.236
0.248
5.561
0.25
0.248
0.252
0.252
0.252
0.252
0.25
0.244
5.561
0.234
0.252
0.249
0.248
0.252
0.252
5.57
5.57
0.252
0.248
5.562
5.57
0.234
0.248
0.244
0.24
0.253
Generation 20
0.252
0.252
0.252
0.252
5.116
0.25
0.253
0.254
0.252
0.252
0.252
0.248
5.562
0.252
0.252
0.252
5.562
0.248
0.252
0.252
0.234
0.252
0.252
0.252
0.25
0.249
0.24
1.25
0.25
0.252
0.252
0.249
0.25
0.248
0.252
0.252
0.252
0.252
0.25
0.25
5.57
5.57
0.252
0.252
0.252
0.252
0.252
0.252
5.561
0.25
0.252
0.248
0.252
0.252
Generation 21
0.252
0.249
0.252
0.252
0.248
0.252
0.249
0.252
0.252
0.25
0.252
0.252
5.57
0.252
0.25
0.252
0.25
0.254
0.252
0.252
0.254
0.252
0.25
0.252
0.25
0.252
0.252
0.252
0.252
0.252
0.252
5.57
0.252
0.249
0.252
0.252
0.249
0.25
0.252
5.116
0.252
0.25
0.252
0.252
0.252
0.252
0.25
0.252
0.252
0.252
0.25
0.25
0.248
0.252
Generation 22
0.249
0.249
0.25
0.252
0.252
0.252
0.252
0.253
5.57
0.252
0.249
0.252
0.25
0.25
0.249
0.252
0.25
0.252
0.25
0.248
0.252
0.25
0.252
0.252
0.25
0.252
0.25
0.252
0.252
0.252
0.252
0.25
0.248
0.252
0.249
0.252
0.252
0.252
0.25
0.252
0.252
0.25
0.252
0.252
0.252
0.252
0.252
0.25
0.252
0.25
0.252
0.252
0.249
5.57
Generation 23
0.252
0.25
0.249
0.25
0.252
0.249
0.25
0.249
0.252
5.57
0.252
0.248
0.25
0.249
0.248
0.252
0.25
0.25
0.25
0.25
0.252
0.252
0.252
0.252
0.252
0.252
0.25
0.25
0.252
0.252
0.25
0.252
0.252
0.252
0.249
0.252
0.252
0.248
0.252
0.25
0.252
0.25
5.57
0.252
0.25
0.252
0.25
0.252
0.249
0.25
0.252
0.251
0.252
0.25
Generation 24
0.25
0.252
0.249
0.25
0.25
0.252
0.252
0.25
0.252
0.249
0.252
0.248
0.25
0.249
0.252
0.25
0.252
0.252
0.252
0.248
0.252
0.25
0.248
0.25
5.57
0.25
0.25
0.25
0.252
5.57
0.25
0.25
0.248
0.252
0.249
0.252
0.252
0.25
0.25
0.25
0.25
0.252
0.25
0.25
0.25
0.25
0.25
0.249
0.25
0.25
0.25
0.249
0.251
0.25
