Generation 1
0.942
0.98
0.982
0.9
0.788
0.619
0.865
0.57
0.597
0.558
0.942
0.98
0.982
0.9
0.788
0.619
0.865
0.57
0.597
0.558
0.942
Generation 1
0.824
0.796
0.846
0.854
0.786
0.781
0.586
0.546
0.767
0.523
0.513
0.511
0.959
0.703
0.896
0.671
0.668
0.665
0.992
0.831
0.846
0.794
0.791
0.854
0.781
0.588
0.547
0.767
0.523
0.513
0.511
0.696
0.959
0.896
0.671
0.668
0.666
0.992
0.664
0.736
0.831
Generation 1
0.818
0.842
0.796
0.851
0.781
0.869
0.613
0.619
0.954
0.742
0.818
0.826
0.842
0.796
0.781
0.869
0.613
0.619
0.979
0.742
0.818
Generation 1
0.831
0.796
0.888
0.633
0.707
0.713
0.983
0.987
0.725
0.666
0.994
0.91
0.831
0.796
0.888
0.633
0.707
0.713
0.982
0.987
0.666
0.726
0.993
0.911
0.831
